74.000000 160.600555
99.000000 117.600548
267.000000 95.600548
34.000000 176.600555
65.000000 182.600555
89.000000 12.600548
219.000000 139.600555
63.000000 100.600548
11.000000 113.600548
242.000000 95.600548
66.000000 80.600548
10.000000 89.600548
38.000000 114.600548
74.000000 98.600548
142.000000 66.600548
98.000000 14.600548
40.000000 105.600548
80.000000 152.600555
88.000000 30.600548
88.000000 143.600555
188.000000 169.600555
97.000000 158.600555
77.000000 184.600555
266.000000 178.600555
25.000000 74.600548
30.000000 145.600555
63.000000 165.600555
188.000000 33.600548
146.000000 118.600548
25.000000 67.600548
202.000000 31.600548
266.000000 85.600548
231.000000 168.600555
85.000000 63.600548
215.000000 56.600548
15.000000 61.600548
282.000000 106.600548
140.000000 135.600555
49.000000 42.600548
92.000000 170.600555
278.000000 86.600548
50.000000 75.600548
59.000000 28.600548
238.000000 72.600548
240.000000 9.600548
22.000000 161.600555
42.000000 151.600555
40.000000 146.600555
26.000000 48.600548
217.000000 82.600548
80.000000 96.600548
197.000000 34.600548
73.000000 139.600555
180.000000 147.600555
36.000000 72.600548
258.000000 106.600548
141.000000 75.600548
143.000000 180.600555
225.000000 78.600548
212.000000 88.600548
228.000000 29.600548
72.000000 47.600548
26.000000 118.600548
231.000000 153.600555
174.000000 164.600555
242.000000 110.600548
163.000000 104.600548
62.000000 156.600555
42.000000 76.600548
83.000000 105.600548
234.000000 105.600548
84.000000 172.600555
143.000000 148.600555
242.000000 34.600548
159.000000 37.600548
39.000000 121.600548
77.000000 92.600548
102.000000 105.600548
221.000000 185.600555
182.000000 73.600548
183.000000 34.600548
143.000000 164.600555
146.000000 77.600548
215.000000 172.600555
79.000000 179.600555
167.000000 140.600555
136.000000 176.600555
112.000000 73.600548
281.000000 161.600555
124.000000 21.600548
179.000000 163.600555
225.000000 13.600548
282.000000 52.600548
242.000000 44.600548
138.000000 168.600555
190.000000 86.600548
242.000000 134.600555
14.000000 75.600548
196.000000 171.600555
47.000000 131.600555
225.000000 182.600555
73.000000 131.600555
37.000000 15.600548
209.000000 153.600555
158.000000 138.600555
159.000000 43.600548
13.000000 175.600555
264.000000 112.600548
25.000000 187.600555
125.000000 188.600555
70.000000 173.600555
52.000000 174.600555
229.000000 55.600548
53.000000 83.600548
37.000000 83.600548
146.000000 132.600555
117.000000 184.600555
71.000000 53.600548
255.000000 53.600548
23.000000 97.600548
135.000000 142.600555
243.000000 66.600548
136.000000 21.600548
261.000000 63.600548
224.000000 120.600548
120.000000 133.600555
127.000000 100.600548
80.000000 57.600548
204.000000 83.600548
144.000000 48.600548
49.000000 103.600548
92.000000 32.600548
104.000000 186.600555
187.000000 19.600548
130.000000 37.600548
231.000000 17.600548
261.000000 58.600548
154.000000 134.600555
166.000000 132.600555
182.000000 178.600555
227.000000 139.600555
125.000000 94.600548
116.000000 171.600555
136.000000 27.600548
34.000000 10.600548
180.000000 24.600548
22.000000 9.600548
163.000000 10.600548
33.000000 38.600548
101.000000 132.600555
199.000000 184.600555
201.000000 92.600548
202.000000 167.600555
231.000000 113.600548
76.000000 127.600548
16.000000 179.600555
221.000000 155.600555
104.000000 60.600548
118.000000 24.600548
180.000000 44.600548
124.000000 63.600548
122.000000 112.600548
192.000000 149.600555
261.000000 118.600548
160.000000 22.600548
84.000000 91.600548
259.000000 160.600555
126.000000 25.600548
31.000000 100.600548
276.000000 113.600548
268.000000 109.600548
254.000000 120.600548
255.000000 126.600548
41.000000 176.600555
270.000000 166.600555
283.000000 122.600548
45.000000 171.600555
140.000000 36.600548
208.000000 158.600555
160.000000 98.600548
39.000000 158.600555
246.000000 38.600548
140.000000 41.600548
97.000000 66.600548
73.000000 64.600548
95.000000 50.600548
97.000000 147.600555
285.000000 115.600548
62.000000 82.600548
281.000000 176.600555
42.000000 88.600548
67.000000 30.600548
192.000000 36.600548
52.000000 14.600548
57.000000 70.600548
238.000000 31.600548
38.000000 100.600548
258.000000 25.600548
252.000000 96.600548
168.000000 46.600548
207.000000 148.600555
185.000000 175.600555
13.000000 134.600555
203.000000 151.600555
285.000000 69.600548
221.000000 179.600555
64.000000 176.600555
156.000000 147.600555
277.000000 92.600548
276.000000 188.600555
123.000000 55.600548
189.000000 101.600548
195.000000 49.600548
214.000000 159.600555
199.000000 103.600548
142.000000 159.600555
62.000000 124.600548
263.000000 47.600548
94.000000 152.600555
213.000000 11.600548
192.000000 68.600548
10.000000 22.600548
163.000000 185.600555
116.000000 129.600555
239.000000 54.600548
13.000000 119.600548
80.000000 147.600555
55.000000 154.600555
34.000000 55.600548
91.000000 181.600555
188.000000 130.600555
166.000000 144.600555
232.000000 176.600555
179.000000 109.600548
82.000000 77.600548
21.000000 80.600548
86.000000 133.600555
11.000000 130.600555
50.000000 188.600555
281.000000 182.600555
74.000000 103.600548
151.000000 71.600548
36.000000 180.600555
262.000000 91.600548
218.000000 27.600548
33.000000 107.600548
29.000000 24.600548
74.000000 113.600548
103.000000 9.600548
284.000000 39.600548
207.000000 67.600548
54.000000 31.600548
288.000000 176.600555
226.000000 127.600548
122.000000 175.600555
190.000000 105.600548
93.000000 118.600548
229.000000 63.600548
127.000000 47.600548
53.000000 64.600548
97.000000 87.600548
93.000000 14.600548
44.000000 111.600548
68.000000 156.600555
251.000000 174.600555
140.000000 130.600555
21.000000 146.600555
200.000000 39.600548
169.000000 73.600548
153.000000 158.600555
264.000000 42.600548
111.000000 10.600548
30.000000 71.600548
160.000000 134.600555
143.000000 108.600548
43.000000 155.600555
49.000000 95.600548
28.000000 41.600548
151.000000 165.600555
45.000000 72.600548
179.000000 138.600555
27.000000 101.600548
108.000000 139.600555
139.000000 144.600555
221.000000 70.600548
123.000000 169.600555
101.000000 88.600548
126.000000 85.600548
70.000000 126.600548
156.000000 94.600548
22.000000 173.600555
121.000000 98.600548
98.000000 99.600548
147.000000 182.600555
64.000000 47.600548
209.000000 79.600548
10.000000 156.600555
202.000000 70.600548
173.000000 20.600548
222.000000 17.600548
105.000000 102.600548
192.000000 14.600548
235.000000 166.600555
65.000000 135.600555
188.000000 66.600548
225.000000 160.600555
171.000000 11.600548
218.000000 51.600548
106.000000 153.600555
243.000000 151.600555
276.000000 163.600555
138.000000 10.600548
96.000000 91.600548
280.000000 27.600548
104.000000 110.600548
278.000000 20.600548
144.000000 40.600548
180.000000 157.600555
176.000000 94.600548
180.000000 124.600548
134.000000 13.600548
273.000000 96.600548
111.000000 125.600548
63.000000 18.600548
120.000000 187.600555
88.000000 108.600548
76.000000 39.600548
169.000000 59.600548
285.000000 48.600548
235.000000 18.600548
217.000000 74.600548
172.000000 107.600548
137.000000 85.600548
159.000000 130.600555
172.000000 188.600555
182.000000 105.600548
249.000000 182.600555
100.000000 40.600548
31.000000 62.600548
165.000000 152.600555
20.000000 127.600548
94.000000 26.600548
263.000000 35.600548
233.000000 35.600548
18.000000 26.600548
165.000000 100.600548
106.000000 55.600548
172.000000 43.600548
225.000000 152.600555
250.000000 29.600548
237.000000 49.600548
164.000000 115.600548
275.000000 138.600555
121.000000 120.600548
56.000000 47.600548
84.000000 114.600548
200.000000 134.600555
77.000000 82.600548
10.000000 44.600548
96.000000 44.600548
24.000000 28.600548
152.000000 175.600555
148.000000 26.600548
238.000000 35.600548
194.000000 154.600555
272.000000 183.600555
45.000000 182.600555
152.000000 150.600555
227.000000 132.600555
112.000000 166.600555
183.000000 11.600548
12.000000 104.600548
238.000000 170.600555
191.000000 116.600548
173.000000 80.600548
50.000000 53.600548
42.000000 18.600548
180.000000 131.600555
20.000000 105.600548
127.000000 177.600555
97.000000 110.600548
284.000000 93.600548
41.000000 188.600555
132.000000 127.600548
144.000000 96.600548
143.000000 102.600548
164.000000 68.600548
259.000000 141.600555
26.000000 181.600555
85.000000 86.600548
259.000000 178.600555
240.000000 117.600548
127.000000 153.600555
122.000000 103.600548
193.000000 91.600548
113.000000 106.600548
225.000000 57.600548
61.000000 144.600555
31.000000 89.600548
185.000000 183.600555
23.000000 178.600555
171.000000 148.600555
90.000000 166.600555
113.000000 96.600548
264.000000 150.600555
169.000000 81.600548
100.000000 51.600548
14.000000 187.600555
49.000000 71.600548
282.000000 154.600555
267.000000 16.600548
238.000000 113.600548
259.000000 11.600548
247.000000 50.600548
81.000000 16.600548
14.000000 69.600548
131.000000 154.600555
259.000000 184.600555
70.000000 185.600555
100.000000 28.600548
196.000000 136.600555
196.000000 55.600548
146.000000 86.600548
173.000000 52.600548
70.000000 161.600555
213.000000 16.600548
13.000000 80.600548
168.000000 77.600548
93.000000 9.600548
170.000000 16.600548
259.000000 147.600555
20.000000 181.600555
130.000000 146.600555
67.000000 168.600555
70.000000 105.600548
104.000000 36.600548
112.000000 28.600548
281.000000 98.600548
244.000000 53.600548
139.000000 185.600555
224.000000 148.600555
166.000000 40.600548
91.000000 112.600548
48.000000 24.600548
89.000000 125.600548
196.000000 38.600548
281.000000 117.600548
160.000000 91.600548
26.000000 175.600555
124.000000 158.600555
13.000000 160.600555
185.000000 89.600548
18.000000 174.600555
157.000000 26.600548
221.000000 131.600555
155.000000 111.600548
159.000000 75.600548
105.000000 176.600555
275.000000 71.600548
283.000000 89.600548
182.000000 135.600555
189.000000 176.600555
42.000000 99.600548
203.000000 61.600548
93.000000 104.600548
241.000000 159.600555
42.000000 136.600555
142.000000 59.600548
250.000000 44.600548
57.000000 166.600555
225.000000 72.600548
65.000000 146.600555
244.000000 186.600555
69.000000 144.600555
14.000000 164.600555
241.000000 75.600548
73.000000 59.600548
62.000000 65.600548
119.000000 148.600555
270.000000 100.600548
185.000000 41.600548
64.000000 24.600548
29.000000 19.600548
232.000000 31.600548
161.000000 18.600548
32.000000 75.600548
59.000000 178.600555
266.000000 116.600548
18.000000 47.600548
105.000000 121.600548
283.000000 171.600555
207.000000 139.600555
41.000000 81.600548
213.000000 40.600548
105.000000 77.600548
256.000000 84.600548
268.000000 70.600548
132.000000 184.600555
15.000000 39.600548
35.000000 159.600555