flr
1
0.000000	0.000000	0.000000	300.322000	30.000000	200.000000

obs
5
4	0.009848	199.171000	1.009850	199.171000	1.009850	0.783083	0.009848	0.783083
4	0.051795	1.030680	300.322000	1.030680	300.322000	0.030681	0.051795	0.030681
4	298.986000	199.538000	299.986000	199.538000	299.986000	1.073260	298.986000	1.073260
4	0.264446	199.810000	142.366000	199.810000	142.366000	198.810000	0.264446	198.810000
4	155.996000	199.810000	298.097000	199.810000	298.097000	198.810000	155.996000	198.810000

dor
1
0	6	143.122000	199.791000	155.100000	199.791000	155.100000	199.090000	143.122000	199.090000

room
1
0	1	0.000000	200.000000	300.000000	200.000000	300.000000	0.000000	0.000000	0.000000

rel
0	1	0